1
0.517632462
0.35215577
0.267943366
0.216759677
0.182287258
0.157455147
0.138696184
0.124013686
0.112201845
0.102488928
0.094357802
0.087448792
0.081503895
0.076333171
0.071793647
0.067775624
0.06419351
0.060979531
0.058079317
0.055448738
0.053051596
0.050857915
0.048842661
0.046984758
0.045266334
0.043672135
0.042189062
0.040805801
0.039512527
0.038300672
0.037162722
0.036092067
0.035082863
0.034129927
0.033228644
0.032374895
0.031564985
0.030795597
0.03006374
0.029366713
0.028702067
0.02806758
0.027461228
0.026881167
0.026325708
0.025793307
0.025282547
0.024792123
0.024320836
0.023867577
0.023431324
0.023011129
0.022606115
0.022215467
0.021838428
0.021474294
0.021122407
0.020782155
0.020452967
0.020134306
0.019825671
0.019526593
0.019236631
0.018955372
0.018682426
0.018417426
0.018160029
0.017909908
0.017666758
0.017430288
0.017200225
0.016976309
0.016758296
0.016545954
0.016339061
0.016137409
0.015940801
0.015749046
0.015561968
0.015379394
0.015201164
0.015027122
0.014857122
0.014691022
0.01452869
0.014369998
0.014214823
0.014063049
0.013914564
0.013769262
0.013627041
0.013487803
0.013351453
0.013217903
0.013087067
0.012958862
0.012833208
0.01271003
0.012589254
0.012470811
0.012354633
0.012240654
0.012128814
0.012019051
0.011911307
0.011805528
0.011701659
0.011599648
0.011499447
0.011401006
0.011304279
0.011209222
0.011115791
0.011023945
0.010933644
0.010844847
0.010757518
0.010671621
0.01058712
0.01050398
0.01042217
0.010341657
0.010262411
0.010184401
0.010107598
0.010031976
0.009957505
0.00988416
0.009811916
0.009740747
0.00967063
0.009601541
0.009533458
0.009466358
0.00940022
0.009335024
0.00927075
0.009207377
0.009144887
0.009083262
0.009022483
0.008962533
0.008903395
0.008845052
0.008787489
0.008730689
0.008674638
0.008619321
0.008564723
0.00851083
0.008457628
0.008405105
0.008353247
0.008302041
0.008251476
0.008201539
0.008152218
0.008103502
0.00805538
0.008007841
0.007960874
0.007914469
0.007868616
0.007823305
0.007778526
0.00773427
0.007690528
0.007647291
0.00760455
0.007562296
0.007520522
0.007479218
0.007438377
0.007397992
0.007358054
0.007318556
0.007279491
0.007240851
0.00720263
0.007164821
0.007127417
0.007090412
0.007053799
0.007017572
0.006981724
0.006946251
0.006911146
0.006876402
0.006842016
0.00680798
0.006774291
0.006740941
0.006707927
0.006675244
0.006642885
0.006610847
0.006579124
0.006547712
0.006516607
0.006485803
0.006455297
0.006425083
0.006395159
0.006365519
0.00633616
0.006307078
0.006278268
0.006249727
0.006221451
0.006193436
0.006165679
0.006138177
0.006110924
0.00608392
0.006057158
0.006030638
0.006004355
0.005978305
0.005952487
0.005926896
0.005901531
0.005876387
0.005851462
0.005826753
0.005802257
0.005777972
0.005753895
0.005730022
0.005706352
0.005682882
0.005659609
0.005636531
0.005613645
0.005590949
0.005568441
0.005546118
0.005523977
0.005502018
0.005480237
0.005458632
0.005437201
0.005415942
0.005394854
0.005373933
0.005353178
0.005332586
0.005312157
0.005291888
0.005271777
0.005251822
0.005232021
0.005212373
0.005192876
0.005173528
0.005154328
0.005135273
0.005116362
0.005097594
0.005078966
0.005060478
0.005042127
0.005023912
0.005005832
0.004987885
0.004970069
0.004952384
0.004934827
0.004917398
0.004900094
0.004882915
0.004865859
0.004848925
0.004832112
0.004815417
0.004798841
0.004782382
0.004766037
0.004749807
0.004733691
0.004717686
0.004701791
0.004686006
0.00467033
0.004654761
0.004639298
0.00462394
0.004608686
0.004593535
0.004578486
0.004563538
0.004548689
0.00453394
0.004519288
0.004504733
0.004490274
0.00447591
0.00446164
0.004447463
0.004433378
0.004419385
0.004405482
0.004391668
0.004377943
0.004364306
0.004350755
0.004337291
0.004323912
0.004310617
0.004297406
0.004284278
0.004271232
0.004258267
0.004245383
0.004232578
0.004219853
0.004207205
0.004194636
0.004182143
0.004169726
0.004157385
0.004145118
0.004132926
0.004120807
0.00410876
0.004096786
0.004084883
0.004073051
0.004061289
0.004049597
0.004037973
0.004026418
0.00401493
0.004003509
0.003992155
0.003980867
0.003969644
0.003958486
0.003947392
0.003936362
0.003925395
0.00391449
0.003903647
0.003892866
0.003882146
0.003871486
0.003860886
0.003850346
0.003839864
0.003829441
0.003819075
0.003808768
0.003798517
0.003788322
0.003778184
0.003768101
0.003758073
0.0037481
0.003738181
0.003728315
0.003718503
0.003708744
0.003699037
0.003689383
0.003679779
0.003670227
0.003660726
0.003651275
0.003641874
0.003632523
0.003623221
0.003613967
0.003604762
0.003595605
0.003586496
0.003577433
0.003568418
0.003559449
0.003550526
0.00354165
0.003532818
0.003524032
0.00351529
0.003506593
0.00349794
0.00348933
0.003480764
0.003472241
0.003463761
0.003455323
0.003446927
0.003438573
0.00343026
0.003421989
0.003413758
0.003405568
0.003397418
0.003389308
0.003381238
0.003373207
0.003365215
0.003357262
0.003349347
0.003341471
0.003333633
0.003325832
0.003318068
0.003310342
0.003302652
0.003294999
0.003287383
0.003279802
0.003272257
0.003264748
0.003257274
0.003249835
0.003242431
0.003235061
0.003227726
0.003220425
0.003213157
0.003205924
0.003198723
0.003191556
0.003184421
0.003177319
0.00317025
0.003163213
0.003156208
0.003149234
0.003142292
0.003135382
0.003128502
0.003121654
0.003114836
0.003108049
0.003101292
0.003094565
0.003087868
0.0030812
0.003074563
0.003067954
0.003061374
0.003054824
0.003048302
0.003041809
0.003035344
0.003028907
0.003022498
0.003016116
0.003009763
0.003003437
0.002997138
0.002990866
0.002984621
0.002978403
0.002972211
0.002966045
0.002959906
0.002953793
0.002947706
0.002941644
0.002935608
0.002929597
0.002923612
0.002917651
0.002911716
0.002905805
0.002899919
0.002894057
0.002888219
0.002882406
0.002876616
0.00287085
0.002865108
0.00285939
0.002853695
0.002848023
0.002842374
0.002836748
0.002831145
0.002825565
0.002820007
0.002814472
0.002808959
0.002803468
0.002797999
0.002792551
0.002787126
0.002781722
0.00277634
0.002770978
0.002765639
0.00276032
0.002755022
0.002749745
0.002744489
0.002739253
0.002734038
0.002728843